           1           2          11          12          22         122         132         133         144         154           0           0           0
           2           3          12          13         122         123         134         144         145           0           0           0           0
           3           4          13          14         123         124         135         145         146           0           0           0           0
           4           5          14          15         124         125         136         146         147           0           0           0           0
           5           6          15          16         125         126         137         147         148           0           0           0           0
           6           7          16          17         126         127         138         148         149           0           0           0           0
           7           8          17          18         127         128         139         149         150           0           0           0           0
           8           9          18          19         128         129         140         150         151           0           0           0           0
           9          10          19          20         129         130         141         151         152           0           0           0           0
          10          11          20          21         130         131         142         152         153           0           0           0           0
          11          21          22         131         132         143         153         154           0           0           0           0           0
          12          13          22          23          24         144         155         156           0           0           0           0           0
          13          14          24          25         145         156         157           0           0           0           0           0           0
          14          15          25          26         146         157         158           0           0           0           0           0           0
          15          16          26          27         147         158         159           0           0           0           0           0           0
          16          17          27          28         148         159         160           0           0           0           0           0           0
          17          18          28          29         149         160         161           0           0           0           0           0           0
          18          19          29          30         150         161         162           0           0           0           0           0           0
          19          20          30          31         151         162         163           0           0           0           0           0           0
          20          21          31          32         152         163         164           0           0           0           0           0           0
          21          22          32          33         153         164         165           0           0           0           0           0           0
          22          23          33         154         155         165           0           0           0           0           0           0           0
          23          24          33          34          44         155         166         176           0           0           0           0           0
          24          25          34          35         156         166         167           0           0           0           0           0           0
          25          26          35          36         157         167         168           0           0           0           0           0           0
          26          27          36          37         158         168         169           0           0           0           0           0           0
          27          28          37          38         159         169         170           0           0           0           0           0           0
          28          29          38          39         160         170         171           0           0           0           0           0           0
          29          30          39          40         161         171         172           0           0           0           0           0           0
          30          31          40          41         162         172         173           0           0           0           0           0           0
          31          32          41          42         163         173         174           0           0           0           0           0           0
          32          33          42          43         164         174         175           0           0           0           0           0           0
          33          43          44         165         175         176           0           0           0           0           0           0           0
          34          35          44          45          46         166         177         178           0           0           0           0           0
          35          36          46          47         167         178         179           0           0           0           0           0           0
          36          37          47          48         168         179         180           0           0           0           0           0           0
          37          38          48          49         169         180         181           0           0           0           0           0           0
          38          39          49          50         170         181         182           0           0           0           0           0           0
          39          40          50          51         171         182         183           0           0           0           0           0           0
          40          41          51          52         172         183         184           0           0           0           0           0           0
          41          42          52          53         173         184         185           0           0           0           0           0           0
          42          43          53          54         174         185         186           0           0           0           0           0           0
          43          44          54          55         175         186         187           0           0           0           0           0           0
          44          45          55         176         177         187           0           0           0           0           0           0           0
          45          46          55          56          66         177         188         198           0           0           0           0           0
          46          47          56          57         178         188         189           0           0           0           0           0           0
          47          48          57          58         179         189         190           0           0           0           0           0           0
          48          49          58          59         180         190         191           0           0           0           0           0           0
          49          50          59          60         181         191         192           0           0           0           0           0           0
          50          51          60          61         182         192         193           0           0           0           0           0           0
          51          52          61          62         183         193         194           0           0           0           0           0           0
          52          53          62          63         184         194         195           0           0           0           0           0           0
          53          54          63          64         185         195         196           0           0           0           0           0           0
          54          55          64          65         186         196         197           0           0           0           0           0           0
          55          65          66         187         197         198           0           0           0           0           0           0           0
          56          57          66          67          68         188         199         200           0           0           0           0           0
          57          58          68          69         189         200         201           0           0           0           0           0           0
          58          59          69          70         190         201         202           0           0           0           0           0           0
          59          60          70          71         191         202         203           0           0           0           0           0           0
          60          61          71          72         192         203         204           0           0           0           0           0           0
          61          62          72          73         193         204         205           0           0           0           0           0           0
          62          63          73          74         194         205         206           0           0           0           0           0           0
          63          64          74          75         195         206         207           0           0           0           0           0           0
          64          65          75          76         196         207         208           0           0           0           0           0           0
          65          66          76          77         197         208         209           0           0           0           0           0           0
          66          67          77         198         199         209           0           0           0           0           0           0           0
          67          68          77          78          88         199         210         220           0           0           0           0           0
          68          69          78          79         200         210         211           0           0           0           0           0           0
          69          70          79          80         201         211         212           0           0           0           0           0           0
          70          71          80          81         202         212         213           0           0           0           0           0           0
          71          72          81          82         203         213         214           0           0           0           0           0           0
          72          73          82          83         204         214         215           0           0           0           0           0           0
          73          74          83          84         205         215         216           0           0           0           0           0           0
          74          75          84          85         206         216         217           0           0           0           0           0           0
          75          76          85          86         207         217         218           0           0           0           0           0           0
          76          77          86          87         208         218         219           0           0           0           0           0           0
          77          87          88         209         219         220           0           0           0           0           0           0           0
          78          79          88          89          90         210         221         222           0           0           0           0           0
          79          80          90          91         211         222         223           0           0           0           0           0           0
          80          81          91          92         212         223         224           0           0           0           0           0           0
          81          82          92          93         213         224         225           0           0           0           0           0           0
          82          83          93          94         214         225         226           0           0           0           0           0           0
          83          84          94          95         215         226         227           0           0           0           0           0           0
          84          85          95          96         216         227         228           0           0           0           0           0           0
          85          86          96          97         217         228         229           0           0           0           0           0           0
          86          87          97          98         218         229         230           0           0           0           0           0           0
          87          88          98          99         219         230         231           0           0           0           0           0           0
          88          89          99         220         221         231           0           0           0           0           0           0           0
          89          90          99         100         110         221         232         242           0           0           0           0           0
          90          91         100         101         222         232         233           0           0           0           0           0           0
          91          92         101         102         223         233         234           0           0           0           0           0           0
          92          93         102         103         224         234         235           0           0           0           0           0           0
          93          94         103         104         225         235         236           0           0           0           0           0           0
          94          95         104         105         226         236         237           0           0           0           0           0           0
          95          96         105         106         227         237         238           0           0           0           0           0           0
          96          97         106         107         228         238         239           0           0           0           0           0           0
          97          98         107         108         229         239         240           0           0           0           0           0           0
          98          99         108         109         230         240         241           0           0           0           0           0           0
          99         109         110         231         241         242           0           0           0           0           0           0           0
         100         101         110         111         112         232         243         244           0           0           0           0           0
         101         102         112         113         233         244         245           0           0           0           0           0           0
         102         103         113         114         234         245         246           0           0           0           0           0           0
         103         104         114         115         235         246         247           0           0           0           0           0           0
         104         105         115         116         236         247         248           0           0           0           0           0           0
         105         106         116         117         237         248         249           0           0           0           0           0           0
         106         107         117         118         238         249         250           0           0           0           0           0           0
         107         108         118         119         239         250         251           0           0           0           0           0           0
         108         109         119         120         240         251         252           0           0           0           0           0           0
         109         110         120         121         241         252         253           0           0           0           0           0           0
         110         111         121         242         243         253           0           0           0           0           0           0           0
         111         112         121         122         132         243         254         264           0           0           0           0           0
         112         113         122         123         244         254         255           0           0           0           0           0           0
         113         114         123         124         245         255         256           0           0           0           0           0           0
         114         115         124         125         246         256         257           0           0           0           0           0           0
         115         116         125         126         247         257         258           0           0           0           0           0           0
         116         117         126         127         248         258         259           0           0           0           0           0           0
         117         118         127         128         249         259         260           0           0           0           0           0           0
         118         119         128         129         250         260         261           0           0           0           0           0           0
         119         120         129         130         251         261         262           0           0           0           0           0           0
         120         121         130         131         252         262         263           0           0           0           0           0           0
         121         131         132         253         263         264           0           0           0           0           0           0           0
         122         123         132         133         134         254           0           0           0           0           0           0           0
         123         124         134         135         255           0           0           0           0           0           0           0           0
         124         125         135         136         256           0           0           0           0           0           0           0           0
         125         126         136         137         257           0           0           0           0           0           0           0           0
         126         127         137         138         258           0           0           0           0           0           0           0           0
         127         128         138         139         259           0           0           0           0           0           0           0           0
         128         129         139         140         260           0           0           0           0           0           0           0           0
         129         130         140         141         261           0           0           0           0           0           0           0           0
         130         131         141         142         262           0           0           0           0           0           0           0           0
         131         132         142         143         263           0           0           0           0           0           0           0           0
         132         133         143         264           0           0           0           0           0           0           0           0           0
         133         134         143         144         154         254         264         375         386         396           0           0           0
         134         135         144         145         254         255         376         386         387           0           0           0           0
         135         136         145         146         255         256         377         387         388           0           0           0           0
         136         137         146         147         256         257         378         388         389           0           0           0           0
         137         138         147         148         257         258         379         389         390           0           0           0           0
         138         139         148         149         258         259         380         390         391           0           0           0           0
         139         140         149         150         259         260         381         391         392           0           0           0           0
         140         141         150         151         260         261         382         392         393           0           0           0           0
         141         142         151         152         261         262         383         393         394           0           0           0           0
         142         143         152         153         262         263         384         394         395           0           0           0           0
         143         153         154         263         264         385         395         396           0           0           0           0           0
         144         145         154         155         156         265         266         386           0           0           0           0           0
         145         146         156         157         266         267         387           0           0           0           0           0           0
         146         147         157         158         267         268         388           0           0           0           0           0           0
         147         148         158         159         268         269         389           0           0           0           0           0           0
         148         149         159         160         269         270         390           0           0           0           0           0           0
         149         150         160         161         270         271         391           0           0           0           0           0           0
         150         151         161         162         271         272         392           0           0           0           0           0           0
         151         152         162         163         272         273         393           0           0           0           0           0           0
         152         153         163         164         273         274         394           0           0           0           0           0           0
         153         154         164         165         274         275         395           0           0           0           0           0           0
         154         155         165         265         275         396           0           0           0           0           0           0           0
         155         156         165         166         176         265         276         286           0           0           0           0           0
         156         157         166         167         266         276         277           0           0           0           0           0           0
         157         158         167         168         267         277         278           0           0           0           0           0           0
         158         159         168         169         268         278         279           0           0           0           0           0           0
         159         160         169         170         269         279         280           0           0           0           0           0           0
         160         161         170         171         270         280         281           0           0           0           0           0           0
         161         162         171         172         271         281         282           0           0           0           0           0           0
         162         163         172         173         272         282         283           0           0           0           0           0           0
         163         164         173         174         273         283         284           0           0           0           0           0           0
         164         165         174         175         274         284         285           0           0           0           0           0           0
         165         175         176         275         285         286           0           0           0           0           0           0           0
         166         167         176         177         178         276         287         288           0           0           0           0           0
         167         168         178         179         277         288         289           0           0           0           0           0           0
         168         169         179         180         278         289         290           0           0           0           0           0           0
         169         170         180         181         279         290         291           0           0           0           0           0           0
         170         171         181         182         280         291         292           0           0           0           0           0           0
         171         172         182         183         281         292         293           0           0           0           0           0           0
         172         173         183         184         282         293         294           0           0           0           0           0           0
         173         174         184         185         283         294         295           0           0           0           0           0           0
         174         175         185         186         284         295         296           0           0           0           0           0           0
         175         176         186         187         285         296         297           0           0           0           0           0           0
         176         177         187         286         287         297           0           0           0           0           0           0           0
         177         178         187         188         198         287         298         308           0           0           0           0           0
         178         179         188         189         288         298         299           0           0           0           0           0           0
         179         180         189         190         289         299         300           0           0           0           0           0           0
         180         181         190         191         290         300         301           0           0           0           0           0           0
         181         182         191         192         291         301         302           0           0           0           0           0           0
         182         183         192         193         292         302         303           0           0           0           0           0           0
         183         184         193         194         293         303         304           0           0           0           0           0           0
         184         185         194         195         294         304         305           0           0           0           0           0           0
         185         186         195         196         295         305         306           0           0           0           0           0           0
         186         187         196         197         296         306         307           0           0           0           0           0           0
         187         197         198         297         307         308           0           0           0           0           0           0           0
         188         189         198         199         200         298         309         310           0           0           0           0           0
         189         190         200         201         299         310         311           0           0           0           0           0           0
         190         191         201         202         300         311         312           0           0           0           0           0           0
         191         192         202         203         301         312         313           0           0           0           0           0           0
         192         193         203         204         302         313         314           0           0           0           0           0           0
         193         194         204         205         303         314         315           0           0           0           0           0           0
         194         195         205         206         304         315         316           0           0           0           0           0           0
         195         196         206         207         305         316         317           0           0           0           0           0           0
         196         197         207         208         306         317         318           0           0           0           0           0           0
         197         198         208         209         307         318         319           0           0           0           0           0           0
         198         199         209         308         309         319           0           0           0           0           0           0           0
         199         200         209         210         220         309         320         330           0           0           0           0           0
         200         201         210         211         310         320         321           0           0           0           0           0           0
         201         202         211         212         311         321         322           0           0           0           0           0           0
         202         203         212         213         312         322         323           0           0           0           0           0           0
         203         204         213         214         313         323         324           0           0           0           0           0           0
         204         205         214         215         314         324         325           0           0           0           0           0           0
         205         206         215         216         315         325         326           0           0           0           0           0           0
         206         207         216         217         316         326         327           0           0           0           0           0           0
         207         208         217         218         317         327         328           0           0           0           0           0           0
         208         209         218         219         318         328         329           0           0           0           0           0           0
         209         219         220         319         329         330           0           0           0           0           0           0           0
         210         211         220         221         222         320         331         332           0           0           0           0           0
         211         212         222         223         321         332         333           0           0           0           0           0           0
         212         213         223         224         322         333         334           0           0           0           0           0           0
         213         214         224         225         323         334         335           0           0           0           0           0           0
         214         215         225         226         324         335         336           0           0           0           0           0           0
         215         216         226         227         325         336         337           0           0           0           0           0           0
         216         217         227         228         326         337         338           0           0           0           0           0           0
         217         218         228         229         327         338         339           0           0           0           0           0           0
         218         219         229         230         328         339         340           0           0           0           0           0           0
         219         220         230         231         329         340         341           0           0           0           0           0           0
         220         221         231         330         331         341           0           0           0           0           0           0           0
         221         222         231         232         242         331         342         352           0           0           0           0           0
         222         223         232         233         332         342         343           0           0           0           0           0           0
         223         224         233         234         333         343         344           0           0           0           0           0           0
         224         225         234         235         334         344         345           0           0           0           0           0           0
         225         226         235         236         335         345         346           0           0           0           0           0           0
         226         227         236         237         336         346         347           0           0           0           0           0           0
         227         228         237         238         337         347         348           0           0           0           0           0           0
         228         229         238         239         338         348         349           0           0           0           0           0           0
         229         230         239         240         339         349         350           0           0           0           0           0           0
         230         231         240         241         340         350         351           0           0           0           0           0           0
         231         241         242         341         351         352           0           0           0           0           0           0           0
         232         233         242         243         244         342         353         354           0           0           0           0           0
         233         234         244         245         343         354         355           0           0           0           0           0           0
         234         235         245         246         344         355         356           0           0           0           0           0           0
         235         236         246         247         345         356         357           0           0           0           0           0           0
         236         237         247         248         346         357         358           0           0           0           0           0           0
         237         238         248         249         347         358         359           0           0           0           0           0           0
         238         239         249         250         348         359         360           0           0           0           0           0           0
         239         240         250         251         349         360         361           0           0           0           0           0           0
         240         241         251         252         350         361         362           0           0           0           0           0           0
         241         242         252         253         351         362         363           0           0           0           0           0           0
         242         243         253         352         353         363           0           0           0           0           0           0           0
         243         244         253         254         264         353         364         374           0           0           0           0           0
         244         245         254         255         354         364         365           0           0           0           0           0           0
         245         246         255         256         355         365         366           0           0           0           0           0           0
         246         247         256         257         356         366         367           0           0           0           0           0           0
         247         248         257         258         357         367         368           0           0           0           0           0           0
         248         249         258         259         358         368         369           0           0           0           0           0           0
         249         250         259         260         359         369         370           0           0           0           0           0           0
         250         251         260         261         360         370         371           0           0           0           0           0           0
         251         252         261         262         361         371         372           0           0           0           0           0           0
         252         253         262         263         362         372         373           0           0           0           0           0           0
         253         263         264         363         373         374           0           0           0           0           0           0           0
         254         255         264         364         375         376           0           0           0           0           0           0           0
         255         256         365         376         377           0           0           0           0           0           0           0           0
         256         257         366         377         378           0           0           0           0           0           0           0           0
         257         258         367         378         379           0           0           0           0           0           0           0           0
         258         259         368         379         380           0           0           0           0           0           0           0           0
         259         260         369         380         381           0           0           0           0           0           0           0           0
         260         261         370         381         382           0           0           0           0           0           0           0           0
         261         262         371         382         383           0           0           0           0           0           0           0           0
         262         263         372         383         384           0           0           0           0           0           0           0           0
         263         264         373         384         385           0           0           0           0           0           0           0           0
         264         374         375         385           0           0           0           0           0           0           0           0           0
         265         266         275         276         286         386         396         397         408         418           0           0           0
         266         267         276         277         386         387         398         408         409           0           0           0           0
         267         268         277         278         387         388         399         409         410           0           0           0           0
         268         269         278         279         388         389         400         410         411           0           0           0           0
         269         270         279         280         389         390         401         411         412           0           0           0           0
         270         271         280         281         390         391         402         412         413           0           0           0           0
         271         272         281         282         391         392         403         413         414           0           0           0           0
         272         273         282         283         392         393         404         414         415           0           0           0           0
         273         274         283         284         393         394         405         415         416           0           0           0           0
         274         275         284         285         394         395         406         416         417           0           0           0           0
         275         285         286         395         396         407         417         418           0           0           0           0           0
         276         277         286         287         288         408         419         420           0           0           0           0           0
         277         278         288         289         409         420         421           0           0           0           0           0           0
         278         279         289         290         410         421         422           0           0           0           0           0           0
         279         280         290         291         411         422         423           0           0           0           0           0           0
         280         281         291         292         412         423         424           0           0           0           0           0           0
         281         282         292         293         413         424         425           0           0           0           0           0           0
         282         283         293         294         414         425         426           0           0           0           0           0           0
         283         284         294         295         415         426         427           0           0           0           0           0           0
         284         285         295         296         416         427         428           0           0           0           0           0           0
         285         286         296         297         417         428         429           0           0           0           0           0           0
         286         287         297         418         419         429           0           0           0           0           0           0           0
         287         288         297         298         308         419         430         440           0           0           0           0           0
         288         289         298         299         420         430         431           0           0           0           0           0           0
         289         290         299         300         421         431         432           0           0           0           0           0           0
         290         291         300         301         422         432         433           0           0           0           0           0           0
         291         292         301         302         423         433         434           0           0           0           0           0           0
         292         293         302         303         424         434         435           0           0           0           0           0           0
         293         294         303         304         425         435         436           0           0           0           0           0           0
         294         295         304         305         426         436         437           0           0           0           0           0           0
         295         296         305         306         427         437         438           0           0           0           0           0           0
         296         297         306         307         428         438         439           0           0           0           0           0           0
         297         307         308         429         439         440           0           0           0           0           0           0           0
         298         299         308         309         310         430         441         442           0           0           0           0           0
         299         300         310         311         431         442         443           0           0           0           0           0           0
         300         301         311         312         432         443         444           0           0           0           0           0           0
         301         302         312         313         433         444         445           0           0           0           0           0           0
         302         303         313         314         434         445         446           0           0           0           0           0           0
         303         304         314         315         435         446         447           0           0           0           0           0           0
         304         305         315         316         436         447         448           0           0           0           0           0           0
         305         306         316         317         437         448         449           0           0           0           0           0           0
         306         307         317         318         438         449         450           0           0           0           0           0           0
         307         308         318         319         439         450         451           0           0           0           0           0           0
         308         309         319         440         441         451           0           0           0           0           0           0           0
         309         310         319         320         330         441         452         462           0           0           0           0           0
         310         311         320         321         442         452         453           0           0           0           0           0           0
         311         312         321         322         443         453         454           0           0           0           0           0           0
         312         313         322         323         444         454         455           0           0           0           0           0           0
         313         314         323         324         445         455         456           0           0           0           0           0           0
         314         315         324         325         446         456         457           0           0           0           0           0           0
         315         316         325         326         447         457         458           0           0           0           0           0           0
         316         317         326         327         448         458         459           0           0           0           0           0           0
         317         318         327         328         449         459         460           0           0           0           0           0           0
         318         319         328         329         450         460         461           0           0           0           0           0           0
         319         329         330         451         461         462           0           0           0           0           0           0           0
         320         321         330         331         332         452         463         464           0           0           0           0           0
         321         322         332         333         453         464         465           0           0           0           0           0           0
         322         323         333         334         454         465         466           0           0           0           0           0           0
         323         324         334         335         455         466         467           0           0           0           0           0           0
         324         325         335         336         456         467         468           0           0           0           0           0           0
         325         326         336         337         457         468         469           0           0           0           0           0           0
         326         327         337         338         458         469         470           0           0           0           0           0           0
         327         328         338         339         459         470         471           0           0           0           0           0           0
         328         329         339         340         460         471         472           0           0           0           0           0           0
         329         330         340         341         461         472         473           0           0           0           0           0           0
         330         331         341         462         463         473           0           0           0           0           0           0           0
         331         332         341         342         352         463         474         484           0           0           0           0           0
         332         333         342         343         464         474         475           0           0           0           0           0           0
         333         334         343         344         465         475         476           0           0           0           0           0           0
         334         335         344         345         466         476         477           0           0           0           0           0           0
         335         336         345         346         467         477         478           0           0           0           0           0           0
         336         337         346         347         468         478         479           0           0           0           0           0           0
         337         338         347         348         469         479         480           0           0           0           0           0           0
         338         339         348         349         470         480         481           0           0           0           0           0           0
         339         340         349         350         471         481         482           0           0           0           0           0           0
         340         341         350         351         472         482         483           0           0           0           0           0           0
         341         351         352         473         483         484           0           0           0           0           0           0           0
         342         343         352         353         354         474         485         486           0           0           0           0           0
         343         344         354         355         475         486         487           0           0           0           0           0           0
         344         345         355         356         476         487         488           0           0           0           0           0           0
         345         346         356         357         477         488         489           0           0           0           0           0           0
         346         347         357         358         478         489         490           0           0           0           0           0           0
         347         348         358         359         479         490         491           0           0           0           0           0           0
         348         349         359         360         480         491         492           0           0           0           0           0           0
         349         350         360         361         481         492         493           0           0           0           0           0           0
         350         351         361         362         482         493         494           0           0           0           0           0           0
         351         352         362         363         483         494         495           0           0           0           0           0           0
         352         353         363         484         485         495           0           0           0           0           0           0           0
         353         354         363         364         374         485         496         506           0           0           0           0           0
         354         355         364         365         486         496         497           0           0           0           0           0           0
         355         356         365         366         487         497         498           0           0           0           0           0           0
         356         357         366         367         488         498         499           0           0           0           0           0           0
         357         358         367         368         489         499         500           0           0           0           0           0           0
         358         359         368         369         490         500         501           0           0           0           0           0           0
         359         360         369         370         491         501         502           0           0           0           0           0           0
         360         361         370         371         492         502         503           0           0           0           0           0           0
         361         362         371         372         493         503         504           0           0           0           0           0           0
         362         363         372         373         494         504         505           0           0           0           0           0           0
         363         373         374         495         505         506           0           0           0           0           0           0           0
         364         365         374         375         376         496         507         508           0           0           0           0           0
         365         366         376         377         497         508         509           0           0           0           0           0           0
         366         367         377         378         498         509         510           0           0           0           0           0           0
         367         368         378         379         499         510         511           0           0           0           0           0           0
         368         369         379         380         500         511         512           0           0           0           0           0           0
         369         370         380         381         501         512         513           0           0           0           0           0           0
         370         371         381         382         502         513         514           0           0           0           0           0           0
         371         372         382         383         503         514         515           0           0           0           0           0           0
         372         373         383         384         504         515         516           0           0           0           0           0           0
         373         374         384         385         505         516         517           0           0           0           0           0           0
         374         375         385         506         507         517           0           0           0           0           0           0           0
         375         376         385         386         396         507         518         528           0           0           0           0           0
         376         377         386         387         508         518         519           0           0           0           0           0           0
         377         378         387         388         509         519         520           0           0           0           0           0           0
         378         379         388         389         510         520         521           0           0           0           0           0           0
         379         380         389         390         511         521         522           0           0           0           0           0           0
         380         381         390         391         512         522         523           0           0           0           0           0           0
         381         382         391         392         513         523         524           0           0           0           0           0           0
         382         383         392         393         514         524         525           0           0           0           0           0           0
         383         384         393         394         515         525         526           0           0           0           0           0           0
         384         385         394         395         516         526         527           0           0           0           0           0           0
         385         395         396         517         527         528           0           0           0           0           0           0           0
         386         387         396         397         398         518           0           0           0           0           0           0           0
         387         388         398         399         519           0           0           0           0           0           0           0           0
         388         389         399         400         520           0           0           0           0           0           0           0           0
         389         390         400         401         521           0           0           0           0           0           0           0           0
         390         391         401         402         522           0           0           0           0           0           0           0           0
         391         392         402         403         523           0           0           0           0           0           0           0           0
         392         393         403         404         524           0           0           0           0           0           0           0           0
         393         394         404         405         525           0           0           0           0           0           0           0           0
         394         395         405         406         526           0           0           0           0           0           0           0           0
         395         396         406         407         527           0           0           0           0           0           0           0           0
         396         397         407         528           0           0           0           0           0           0           0           0           0
         397         398         407         408         418         518         528           0           0           0           0           0           0
         398         399         408         409         518         519           0           0           0           0           0           0           0
         399         400         409         410         519         520           0           0           0           0           0           0           0
         400         401         410         411         520         521           0           0           0           0           0           0           0
         401         402         411         412         521         522           0           0           0           0           0           0           0
         402         403         412         413         522         523           0           0           0           0           0           0           0
         403         404         413         414         523         524           0           0           0           0           0           0           0
         404         405         414         415         524         525           0           0           0           0           0           0           0
         405         406         415         416         525         526           0           0           0           0           0           0           0
         406         407         416         417         526         527           0           0           0           0           0           0           0
         407         417         418         527         528           0           0           0           0           0           0           0           0
         408         409         418         419         420           0           0           0           0           0           0           0           0
         409         410         420         421           0           0           0           0           0           0           0           0           0
         410         411         421         422           0           0           0           0           0           0           0           0           0
         411         412         422         423           0           0           0           0           0           0           0           0           0
         412         413         423         424           0           0           0           0           0           0           0           0           0
         413         414         424         425           0           0           0           0           0           0           0           0           0
         414         415         425         426           0           0           0           0           0           0           0           0           0
         415         416         426         427           0           0           0           0           0           0           0           0           0
         416         417         427         428           0           0           0           0           0           0           0           0           0
         417         418         428         429           0           0           0           0           0           0           0           0           0
         418         419         429           0           0           0           0           0           0           0           0           0           0
         419         420         429         430         440           0           0           0           0           0           0           0           0
         420         421         430         431           0           0           0           0           0           0           0           0           0
         421         422         431         432           0           0           0           0           0           0           0           0           0
         422         423         432         433           0           0           0           0           0           0           0           0           0
         423         424         433         434           0           0           0           0           0           0           0           0           0
         424         425         434         435           0           0           0           0           0           0           0           0           0
         425         426         435         436           0           0           0           0           0           0           0           0           0
         426         427         436         437           0           0           0           0           0           0           0           0           0
         427         428         437         438           0           0           0           0           0           0           0           0           0
         428         429         438         439           0           0           0           0           0           0           0           0           0
         429         439         440           0           0           0           0           0           0           0           0           0           0
         430         431         440         441         442           0           0           0           0           0           0           0           0
         431         432         442         443           0           0           0           0           0           0           0           0           0
         432         433         443         444           0           0           0           0           0           0           0           0           0
         433         434         444         445           0           0           0           0           0           0           0           0           0
         434         435         445         446           0           0           0           0           0           0           0           0           0
         435         436         446         447           0           0           0           0           0           0           0           0           0
         436         437         447         448           0           0           0           0           0           0           0           0           0
         437         438         448         449           0           0           0           0           0           0           0           0           0
         438         439         449         450           0           0           0           0           0           0           0           0           0
         439         440         450         451           0           0           0           0           0           0           0           0           0
         440         441         451           0           0           0           0           0           0           0           0           0           0
         441         442         451         452         462           0           0           0           0           0           0           0           0
         442         443         452         453           0           0           0           0           0           0           0           0           0
         443         444         453         454           0           0           0           0           0           0           0           0           0
         444         445         454         455           0           0           0           0           0           0           0           0           0
         445         446         455         456           0           0           0           0           0           0           0           0           0
         446         447         456         457           0           0           0           0           0           0           0           0           0
         447         448         457         458           0           0           0           0           0           0           0           0           0
         448         449         458         459           0           0           0           0           0           0           0           0           0
         449         450         459         460           0           0           0           0           0           0           0           0           0
         450         451         460         461           0           0           0           0           0           0           0           0           0
         451         461         462           0           0           0           0           0           0           0           0           0           0
         452         453         462         463         464           0           0           0           0           0           0           0           0
         453         454         464         465           0           0           0           0           0           0           0           0           0
         454         455         465         466           0           0           0           0           0           0           0           0           0
         455         456         466         467           0           0           0           0           0           0           0           0           0
         456         457         467         468           0           0           0           0           0           0           0           0           0
         457         458         468         469           0           0           0           0           0           0           0           0           0
         458         459         469         470           0           0           0           0           0           0           0           0           0
         459         460         470         471           0           0           0           0           0           0           0           0           0
         460         461         471         472           0           0           0           0           0           0           0           0           0
         461         462         472         473           0           0           0           0           0           0           0           0           0
         462         463         473           0           0           0           0           0           0           0           0           0           0
         463         464         473         474         484           0           0           0           0           0           0           0           0
         464         465         474         475           0           0           0           0           0           0           0           0           0
         465         466         475         476           0           0           0           0           0           0           0           0           0
         466         467         476         477           0           0           0           0           0           0           0           0           0
         467         468         477         478           0           0           0           0           0           0           0           0           0
         468         469         478         479           0           0           0           0           0           0           0           0           0
         469         470         479         480           0           0           0           0           0           0           0           0           0
         470         471         480         481           0           0           0           0           0           0           0           0           0
         471         472         481         482           0           0           0           0           0           0           0           0           0
         472         473         482         483           0           0           0           0           0           0           0           0           0
         473         483         484           0           0           0           0           0           0           0           0           0           0
         474         475         484         485         486           0           0           0           0           0           0           0           0
         475         476         486         487           0           0           0           0           0           0           0           0           0
         476         477         487         488           0           0           0           0           0           0           0           0           0
         477         478         488         489           0           0           0           0           0           0           0           0           0
         478         479         489         490           0           0           0           0           0           0           0           0           0
         479         480         490         491           0           0           0           0           0           0           0           0           0
         480         481         491         492           0           0           0           0           0           0           0           0           0
         481         482         492         493           0           0           0           0           0           0           0           0           0
         482         483         493         494           0           0           0           0           0           0           0           0           0
         483         484         494         495           0           0           0           0           0           0           0           0           0
         484         485         495           0           0           0           0           0           0           0           0           0           0
         485         486         495         496         506           0           0           0           0           0           0           0           0
         486         487         496         497           0           0           0           0           0           0           0           0           0
         487         488         497         498           0           0           0           0           0           0           0           0           0
         488         489         498         499           0           0           0           0           0           0           0           0           0
         489         490         499         500           0           0           0           0           0           0           0           0           0
         490         491         500         501           0           0           0           0           0           0           0           0           0
         491         492         501         502           0           0           0           0           0           0           0           0           0
         492         493         502         503           0           0           0           0           0           0           0           0           0
         493         494         503         504           0           0           0           0           0           0           0           0           0
         494         495         504         505           0           0           0           0           0           0           0           0           0
         495         505         506           0           0           0           0           0           0           0           0           0           0
         496         497         506         507         508           0           0           0           0           0           0           0           0
         497         498         508         509           0           0           0           0           0           0           0           0           0
         498         499         509         510           0           0           0           0           0           0           0           0           0
         499         500         510         511           0           0           0           0           0           0           0           0           0
         500         501         511         512           0           0           0           0           0           0           0           0           0
         501         502         512         513           0           0           0           0           0           0           0           0           0
         502         503         513         514           0           0           0           0           0           0           0           0           0
         503         504         514         515           0           0           0           0           0           0           0           0           0
         504         505         515         516           0           0           0           0           0           0           0           0           0
         505         506         516         517           0           0           0           0           0           0           0           0           0
         506         507         517           0           0           0           0           0           0           0           0           0           0
         507         508         517         518         528           0           0           0           0           0           0           0           0
         508         509         518         519           0           0           0           0           0           0           0           0           0
         509         510         519         520           0           0           0           0           0           0           0           0           0
         510         511         520         521           0           0           0           0           0           0           0           0           0
         511         512         521         522           0           0           0           0           0           0           0           0           0
         512         513         522         523           0           0           0           0           0           0           0           0           0
         513         514         523         524           0           0           0           0           0           0           0           0           0
         514         515         524         525           0           0           0           0           0           0           0           0           0
         515         516         525         526           0           0           0           0           0           0           0           0           0
         516         517         526         527           0           0           0           0           0           0           0           0           0
         517         527         528           0           0           0           0           0           0           0           0           0           0
         518         519         528           0           0           0           0           0           0           0           0           0           0
         519         520           0           0           0           0           0           0           0           0           0           0           0
         520         521           0           0           0           0           0           0           0           0           0           0           0
         521         522           0           0           0           0           0           0           0           0           0           0           0
         522         523           0           0           0           0           0           0           0           0           0           0           0
         523         524           0           0           0           0           0           0           0           0           0           0           0
         524         525           0           0           0           0           0           0           0           0           0           0           0
         525         526           0           0           0           0           0           0           0           0           0           0           0
         526         527           0           0           0           0           0           0           0           0           0           0           0
         527         528           0           0           0           0           0           0           0           0           0           0           0
         528           0           0           0           0           0           0           0           0           0           0           0           0
